3214:370:3,0,0,0,,,,,,,,,,,,,0,,,,,
1514:228:3,1080,1320,1217,49.45,3.95,0.46,14.12,-1.79,15.91,2.3,32.66,,32.95,32.3,34.4143,572,0.1,0.21,0,0,0.2
3302:459:4,4485,4698,4627,48.74,20.55,0.28,24,17.58,6.42,1.21,35.47,,35.52,35.35,34.7433,635,0,0,0,0,0
5511:245:2,3156,3347,3278,32.85,6.24,0.49,9.43,4.32,5.11,1.29,34.17,,34.25,34.06,34.7168,283,0,0,0,0,0
1007:456:4,2277,2607,2441,75.86,28.6,0.3,30.92,27.34,3.58,2.06,34.67,,35.43,33.71,34.7468,697,0,0,0,0,0
5006:134:3,0,0,0,,,,,,,,,,,,,0,,,,,
1602:238:1,0,0,0,,,,,,,,,,,,,0,,,,,
3102:393:2,0,0,0,,,,,,,,,,,,,0,,,,,
3307:102:2,3521,4511,3866,182.68,20.17,0.3,24.72,16.23,8.49,1.12,35.77,,35.98,35.67,34.7112,170,0,0,0,0,0
5716:248:4,3280,3498,3417,51.34,-1.79,0,-1.78,-1.79,0.01,0.31,34,,34.31,33.79,34.7005,388,0.75,0.81,0.93,0.91,0.39
3706:111:4,0,0,0,,,,,,,,,,,,,0,,,,,
3100:228:4,4469,4750,4598,77.81,23.32,0.47,28.18,18.91,9.27,2.39,35.9,,36.37,34.76,34.8874,662,0,0,0,0,0
3802:142:2,0,0,0,,,,,,,,,,,,,0,,,,,
7217:394:2,5097,5464,5317,67.82,22.27,0.5,27.24,17.19,10.05,1.55,35.1,,35.34,34.93,34.6917,267,0,0,0,0,0
7115:458:3,4413,6028,5527,238.07,26.16,0.35,27.89,24.23,3.66,1.43,34.62,,34.96,34.44,34.6986,203,0,0,0,0,0
3115:468:1,2646,3449,3112,197.07,27.13,0.37,29.63,24.39,5.24,1.88,35.07,,35.28,34.82,34.698,253,0,0,0,0,0
1810:235:3,2370,3650,3427,342.62,-1.79,0,-1.78,-1.79,0.01,-0.71,30.63,,32.43,28.69,34.939,0,0.93,0.98,0.89,0.88,0.97
3815:351:3,0,0,0,,,,,,,,,,,,,0,,,,,
7512:458:3,0,0,0,,,,,,,,,,,,,0,,,,,
5605:218:1,570,5146,2644,1252.42,-0.53,0.3,2.35,-1.79,4.14,0.43,33.88,,34.04,33.61,34.6985,220,0.05,0.00333,0.13,0.08,0
1603:133:1,0,0,0,,,,,,,,,,,,,0,,,,,
1110:465:2,0,0,0,,,,,,,,,,,,,0,,,,,
5005:238:4,0,0,0,,,,,,,,,,,,,0,,,,,
3711:114:3,0,0,0,,,,,,,,,,,,,0,,,,,
1600:104:1,271,304,288,6.96,9.48,0.39,17.71,5.12,12.59,6.97,33.4,,34.06,32.13,35.1901,862,0.01,0.02,0,0,0.03
7111:468:1,3034,4116,3825,202.95,25.98,0.31,28.57,23.68,4.89,1.5,34.17,,34.44,33.81,34.6885,332,0,0,0,0,0
5313:134:4,4413,4800,4604,87.77,18.5,0.39,23.68,14.94,8.74,1.3,34.99,,35.26,34.76,34.7075,179,0,0,0,0,0
7810:363:1,1596,2076,1832,188.49,-1.79,0,-1.78,-1.79,0.01,-0.4,30.94,,31.19,30.55,34.9299,0,0.97,0.99,0.96,0.95,0.99
1717:352:1,97,180,138,22.07,-1.79,0,-1.76,-1.79,0.03,-1.04,29.35,,30.13,28.53,33.4049,0,0.92,0.97,0.84,0.87,0.97
3404:382:3,3887,4494,4191,162.59,4.78,0.36,7.19,2.47,4.72,0.43,33.9,,34.12,33.77,34.651,322,8.25,0,0,0,0
7515:476:4,0,0,0,,,,,,,,,,,,,0,,,,,
1709:123:3,0,0,0,,,,,,,,,,,,,0,,,,,
5205:114:1,0,0,0,,,,,,,,,,,,,0,,,,,
7006:112:1,0,0,0,,,,,,,,,,,,,0,,,,,
3513:487:1,4294,4692,4475,90.74,1.95,0.28,4.89,-0.32,5.21,-0.05,33.82,,33.91,33.72,34.6773,206,1.3E-4,0,0,0,0
3102:370:2,0,0,0,,,,,,,,,,,,,0,,,,,
5613:247:1,4237,4904,4573,173.63,-0.9,0.42,2.01,-1.79,3.8,0.24,33.92,,34.07,33.63,34.7061,165,0.2,0,0.21,0.51,0.06
3517:352:2,5068,5548,5372,62.83,6.65,0.34,9.58,4.95,4.63,0.96,34.14,,34.39,33.95,34.707,287,0,0,0,0,0
5201:103:2,2807,4255,3603,327.26,23.47,0.35,26.85,20.99,5.86,2.23,36.64,,36.79,36.46,34.8601,155,0,0,0,0,0
3710:457:2,0,0,0,,,,,,,,,,,,,0,,,,,
7406:350:4,0,131,21,29.77,6.73,0.33,18.93,-1.54,20.47,4.47,30.64,,31.26,29.89,30.8745,130,0.06,0.13,0,0.00487,0.13
1602:382:2,0,0,0,,,,,,,,,,,,,0,,,,,
3208:392:3,4032,4337,4168,62.46,20.3,0.31,24.85,16.45,8.4,1.36,35.78,,36.03,35.67,34.7223,166,0,0,0,0,0
1004:382:3,0,0,0,,,,,,,,,,,,,0,,,,,
1406:372:3,0,0,0,,,,,,,,,,,,,0,,,,,
3504:102:2,3980,4204,4075,52.37,3.06,0.28,5.55,1.2,4.35,0.2,33.95,,34.07,33.87,34.6437,348,2.667e-,0,0,0,0
1316:124:4,6183,6290,6262,15.09,21.37,0.5,27.11,16.29,10.82,,34.67,,34.85,34.54,,376,0,0,0,0,0
1603:487:3,0,121,68,30.23,3.98,0.6,10.49,-1.73,12.22,3.01,34.93,,35.2,34.75,34.6867,633,0.01,0.02,0.01,0.02,0.02
3717:497:2,1,1,1,0,-1.79,0,-1.78,-1.79,0.01,-1.45,34.31,,34.54,33.98,34.3521,661,1.5,1.5,1.5,1.5,1.5
3111:380:2,4117,5047,4532,218.35,26.05,0.43,29.54,23.3,6.24,1.18,34.79,,35.01,34.6,34.7135,255,0,0,0,0,0
7503:228:2,2978,3873,3569,175.58,8.44,0.66,14.13,4.87,9.26,2.64,34.71,,34.9,34.44,34.9337,629,0,0,0,0,0
3312:237:2,3,862,344,269.72,17.86,0.29,21.21,14.9,6.31,11.84,35.81,,36.04,35.56,35.1271,622,0,0,0,0,0
1604:100:4,0,0,0,,,,,,,,,,,,,0,,,,,
5805:207:1,1,1,1,0,-1.79,0,-1.78,-1.79,0.01,-1.3,34.64,,34.92,34.24,34.6741,0,1.5,1.5,1.5,1.5,1.5
3808:486:4,0,0,0,,,,,,,,,,,,,0,,,,,
1113:111:4,5468,6222,5905,126.52,28.77,0.26,30.48,26.93,3.55,,34.21,,34.43,34.01,,194,0,0,0,0,0
5504:459:4,3503,4373,3978,241.42,3.39,0.47,6.6,-0.19,6.79,0.32,33.99,,34.09,33.86,34.6805,311,6.833e-,0,0,0,0
3015:478:1,0,2301,880,817.09,29.26,0.34,30.5,27.3,3.2,4.84,34.63,,35.06,34.22,34.5298,392,0,0,0,0,0
7001:487:4,1974,4794,4251,503.36,27.47,0.34,29.33,24.24,5.09,2.3,35.12,,35.77,34.45,34.8818,548,0,0,0,0,0
1202:469:2,0,0,0,,,,,,,,,,,,,0,,,,,
3809:143:4,0,0,0,,,,,,,,,,,,,0,,,,,
1303:123:3,1226,1584,1385,89.6,21.98,0.31,28.4,16.09,12.31,13.63,39.09,,39.29,38.84,38.7163,317,0,0,0,0,0
5406:102:2,0,0,0,,,,,,,,,,,,,0,,,,,
5116:228:4,5100,5258,5181,27.52,28.82,0.29,30.09,27.09,3,1.09,35.3,,35.76,34.9,34.7102,207,0,0,0,0,0
7305:380:2,5152,5443,5393,34.25,21.41,0.25,27.56,17.45,10.11,2.27,36.15,,36.31,35.84,34.8778,374,0,0,0,0,0
3709:226:4,0,0,0,,,,,,,,,,,,,0,,,,,
1808:133:3,3273,3484,3392,55.93,-1.79,0,-1.78,-1.79,0.01,-0.7,30.72,,32.6,27.39,34.9412,0,0.93,0.98,0.89,0.88,0.96
7807:248:3,1171,1276,1199,25.78,-1.79,0,-1.78,-1.79,0.01,-0.19,30.52,,31.41,29.24,34.9273,0,0.98,0.99,0.96,0.97,0.99
7710:225:3,0,44,11,13.03,-1.79,0.02,-1.29,-1.79,0.5,-0.84,30.95,,37.68,27.2,31.0727,49,0.82,0.91,0.69,0.79,0.89
7312:371:3,0,0,0,,,,,,,,,,,,,0,,,,,
5212:122:1,3115,3815,3527,187.11,25.03,0.25,27.63,22.24,5.39,1.7,36.44,,36.68,36.14,34.6819,127,0,0,0,0,0
5410:465:2,3154,3727,3575,83.87,9.48,0.32,13.08,6.87,6.21,1.35,34.12,,34.22,34.02,34.7125,245,0,0,0,0,0
3610:372:3,0,0,0,,,,,,,,,,,,,0,,,,,
3010:103:2,0,64,10,9.18,29.1,0.35,31.21,27.1,4.11,29.11,29.87,,31.57,27.72,30.2693,183,0,0,0,0,0
3204:144:4,0,0,0,,,,,,,,,,,,,0,,,,,
3109:487:3,5178,5741,5503,75.15,24.94,0.38,27.5,22.65,4.85,1.17,34.71,,34.99,34.53,34.7109,218,0,0,0,0,0
5416:218:3,4236,4744,4580,91.81,14.1,0.54,19.23,10.43,8.8,0.89,34.84,,34.91,34.66,34.706,371,0,0,0,0,0
3217:218:1,3375,4010,3710,141.95,25.18,0.39,28.43,21.84,6.59,1.85,35.39,,35.59,35.19,34.6822,301,0,0,0,0,0
5706:110:2,0,37,19,9.76,-1.79,0,-1.78,-1.79,0.01,-1.62,34.16,,34.61,33.2,34.2117,210,0.88,0.89,0.89,0.87,0.88
7708:110:3,0,0,0,,,,,,,,,,,,,0,,,,,
5107:225:2,0,0,0,,,,,,,,,,,,,0,,,,,
7015:140:1,4730,5183,5003,78.85,27.81,0.64,29.86,24.94,4.92,1.43,34.81,,34.88,34.71,34.695,357,0,0,0,0,0
3009:477:1,4152,5179,4685,222.74,28.49,0.38,30.45,25.89,4.56,1.17,34.09,,34.38,33.62,34.7137,274,0,0,0,0,0
3414:478:4,1057,1673,1340,169.31,10.41,0.43,13.23,8.46,4.77,3.29,34.61,,34.8,34.36,34.429,393,0,0,0,0,0
7200:142:3,0,0,0,,,,,,,,,,,,,0,,,,,
5314:364:1,4516,5384,4890,166.04,16.27,0.32,21.4,13,8.4,1.2,34.74,,34.87,34.57,34.7034,246,0,0,0,0,0
7306:390:1,4322,5333,5132,137.96,21.54,0.37,27.23,16.05,11.18,2.28,35.67,,36.09,35.35,34.8922,495,0,0,0,0,0
5700:390:3,0,0,0,,,,,,,,,,,,,0,,,,,
3106:485:3,2042,3309,2699,250.96,25.62,0.28,28.86,22.75,6.11,1.86,34.85,,35.16,34.67,34.7201,203,0,0,0,0,0
5707:371:4,1,1,1,0,-1.79,0,-1.78,-1.79,0.01,-1.7,33.9,,34.25,33.5,33.4427,0,1.5,1.5,1.5,1.5,1.5
7602:123:2,1285,1531,1359,56.7,8.32,0.32,12.4,5.81,6.59,3.78,35.25,,35.33,35.14,34.9939,441,0,0,0,0,0
3712:390:1,0,0,0,,,,,,,,,,,,,0,,,,,
1412:372:4,0,0,0,,,,,,,,,,,,,0,,,,,
5700:217:2,0,103,43,29.45,-1.78,0.01,-1.55,-1.79,0.24,-1.72,34.11,,34.56,33.45,34.2757,187,1.5,1.5,1.5,1.5,1.5
1616:102:1,0,69,55,17.46,2.82,0.37,12.45,-1.79,14.24,0.41,32.36,,33,31.51,32.7001,908,0.34,0.53,0.03,0.08,0.7
7501:361:2,2571,2809,2668,54.47,11.33,0.26,15.48,9.1,6.38,3.08,35.34,,35.42,35.27,34.9611,501,0,0,0,0,0
5413:495:4,4357,4747,4546,92.09,8.74,0.44,12.57,6.41,6.16,1.28,34.33,,34.51,34.19,34.7173,281,0,0,0,0,0
1007:485:1,1563,2842,2458,320.42,28.53,0.29,31.05,26.28,4.77,2.07,34.54,,35.09,33.44,34.7277,907,0,0,0,0,0
7114:229:2,5187,5440,5317,54.71,26.63,0.34,28.64,24.51,4.13,1.47,34.36,,34.68,34.04,34.6959,248,0,0,0,0,0
7414:101:3,4582,4876,4718,53.09,14.79,0.75,21.34,9.31,12.03,1.54,33.32,,33.43,33.06,34.6921,430,0,0,0,0,0
