3712:100:2,0,0,0,,,,,,,,,,,,,0,,,,,
3214:110:1,0,0,0,,,,,,,,,,,,,0,,,,,
3803:237:3,0,0,0,,,,,,,,,,,,,0,,,,,
1215:476:3,5889,6272,6065,73.92,24.7,0.45,29.31,19.41,9.9,,34.93,,35.07,34.79,,252,0,0,0,0,0
1701:131:1,1854,2090,1961,46.78,5.32,0.57,10.62,1.51,9.11,-0.96,35.04,,35.11,34.97,34.9099,369,4.7E-4,0,0,0,0
1208:383:3,0,0,0,,,,,,,,,,,,,0,,,,,
7007:384:4,0,0,0,,,,,,,,,,,,,0,,,,,
7509:237:3,0,0,0,,,,,,,,,,,,,0,,,,,
7012:360:2,3589,4357,4099,91.46,27.66,0.47,29.31,25.82,3.49,1.46,34.22,,34.6,33.91,34.6926,304,0,0,0,0,0
7008:455:3,1523,2841,2032,373.74,28.16,0.54,30.93,26.11,4.82,2.31,32.62,,33.21,31.66,34.6493,325,0,0,0,0,0
7806:114:4,0,600,369,179.81,-1.79,0,-1.54,-1.79,0.25,,30.45,,31.36,28.8,,169,0.88,0.95,0.78,0.84,0.94
3000:215:4,1333,3759,3360,393.52,26.43,0.45,29.62,22.16,7.46,2.46,34.34,,35.53,33.29,34.8958,701,0,0,0,0,0
5708:466:1,0,0,0,,,,,,,,,,,,,0,,,,,
3114:123:1,0,163,10,21.79,26.99,0.39,29.59,23.8,5.79,26.99,34.93,,35.58,34.15,34.8772,547,0,0,0,0,0
5213:392:3,4125,4339,4197,33.44,21.53,0.44,26.26,17.8,8.46,1.49,35.37,,35.64,34.99,34.6944,136,0,0,0,0,0
3608:229:2,3914,4276,4089,63.4,-1,0.1,1.37,-1.79,3.16,-0.26,33.81,,34.18,33.61,34.6651,304,0.33,0.05,0.64,0.61,0.01
3005:114:2,4168,4777,4590,79.03,28.22,0.23,30.76,25.35,5.41,1.34,35.33,,35.48,35.14,34.7173,376,0,0,0,0,0
1616:228:1,0,0,0,,,,,,,,,,,,,0,,,,,
7611:495:4,0,0,0,,,,,,,,,,,,,0,,,,,
7215:218:4,819,4520,2642,1134.08,25.38,0.3,27.73,23.36,4.37,1.72,35,,35.11,34.84,34.6492,227,0,0,0,0,0
7213:384:2,3825,4712,4419,180.49,20.31,0.41,23.63,17.74,5.89,1.56,34.79,,35.13,34.65,34.6861,229,0,0,0,0,0
1707:350:1,31,185,80,46.54,-1.67,0.13,0.64,-1.79,2.43,-1.34,29.53,,31.29,26.14,34.1963,521,0.69,0.95,0.44,0.39,0.96
3512:123:2,4065,4637,4319,121.94,4.79,0.29,7.48,2.46,5.02,0.18,33.94,,34.08,33.8,34.6884,293,9.667e-,0,0,0,0
5306:475:1,0,0,0,,,,,,,,,,,,,0,,,,,
3014:353:4,0,0,0,,,,,,,,,,,,,0,,,,,
1317:110:1,5391,5686,5527,54.8,21.65,0.43,27.17,16.48,10.69,1.5,34.78,,34.99,34.56,34.6963,324,0,0,0,0,0
7500:496:3,140,1029,372,199.17,10.06,0.23,13.8,7.6,6.2,8.53,35.22,,35.27,35.18,35.3121,619,0,0,0,0,0
3613:489:4,0,0,0,,,,,,,,,,,,,0,,,,,
5015:489:2,3549,5818,4716,610.91,29.02,0.38,30.11,27.67,2.44,1.26,35.51,,35.76,35.19,34.7055,279,0,0,0,0,0
1400:248:3,0,0,0,,,,,,,,,,,,,0,,,,,
1003:144:2,0,0,0,,,,,,,,,,,,,0,,,,,
1700:476:3,1560,2640,2125,197.33,0.22,0.91,4.57,-1.79,6.36,-0.97,34.58,,34.9,34.24,34.9096,484,0.00157,0.00333,0,0,0
1101:360:2,0,0,0,,,,,,,,,,,,,0,,,,,
3710:238:1,0,0,0,,,,,,,,,,,,,0,,,,,
1109:219:2,0,114,59,32.51,28.95,0.27,30.98,27.11,3.87,28.55,31.6,,32.61,29.1,32.7094,828,0,0,0,0,0
3005:206:3,4431,5008,4648,87.6,28.48,0.25,30.77,26.25,4.52,1.35,35.33,,35.49,35.07,34.7162,357,0,0,0,0,0
7514:475:1,3730,4019,3853,41.42,7.96,0.43,15.67,3.7,11.97,1.47,32.35,,32.65,31.8,34.696,438,4.9E-4,0,0,0,0
5304:475:2,5086,5177,5122,20.48,17.57,0.33,22.38,13.7,8.68,0.22,35.5,,35.89,35.12,34.6691,380,0,0,0,0,0
3512:495:1,4615,4673,4634,13.29,1.11,0.26,4.12,-1.72,5.84,-0.2,33.92,,34.08,33.8,34.6847,215,4.0E-5,0,0,0,0
5606:499:2,0,541,207,120.54,-1.76,0.07,-0.43,-1.79,1.36,-0.06,32.06,,32.4,31.54,34.4431,342,0.6,0.33,0.65,0.71,0.69
3717:457:4,475,623,513,42.39,-1.79,0.01,-1.63,-1.79,0.16,-0.06,34.32,,34.5,34.24,34.7085,716,0.56,0.66,0.83,0.7,0.02
3511:374:1,4512,4614,4550,15.01,1.71,0.3,4.44,-1.1,5.54,-0.11,33.95,,34.03,33.85,34.6796,210,9.667e-,0,0,0,0
7406:495:4,197,369,300,44.07,4.47,0.87,15.02,-1.79,16.81,,29.5,,30.96,27.95,,182,0.1,0.11,0,0.01,0.27
7511:465:1,0,0,0,,,,,,,,,,,,,0,,,,,
3107:103:3,4647,5465,5120,148.99,27.55,0.26,29.95,24.84,5.11,1.42,34.57,,35.06,34.12,34.715,273,0,0,0,0,0
3317:495:3,0,27,13,9.05,15.9,0.48,20.66,12.53,8.13,15.19,35,,35.24,34.81,34.9984,101,0,0,0,0,0
5806:468:4,0,0,0,,,,,,,,,,,,,0,,,,,
3312:144:2,8,3740,1665,1441.75,17.63,0.34,21.02,14.85,6.17,2.51,35.75,,35.95,35.58,34.6496,557,0,0,0,0,0
1202:360:2,0,0,0,,,,,,,,,,,,,0,,,,,
3801:351:3,0,0,0,,,,,,,,,,,,,0,,,,,
5505:371:3,2999,4241,3957,262.49,1.72,0.43,5.13,-1.51,6.64,0.03,33.99,,34.18,33.93,34.6731,265,0.01,0,0.03,0.01,0
5509:216:4,4492,4979,4686,82.95,7.16,0.29,10.07,4.95,5.12,0.71,34.17,,34.22,34.11,34.7095,237,0,0,0,0,0
1109:381:4,1921,2197,2041,49.84,28.08,0.3,30.62,24.75,5.87,2.69,30.67,,32.45,27.11,34.8055,701,0,0,0,0,0
3715:476:3,0,0,0,,,,,,,,,,,,,0,,,,,
5706:390:1,1,1,1,0,-1.79,0,-1.78,-1.79,0.01,-1.38,34.49,,34.79,33.9,34.4578,0,1.5,1.5,1.5,1.5,1.5
3305:206:4,3639,5326,4596,418.01,21.2,0.21,25.3,18,7.3,0.96,35.51,,35.6,35.4,34.7139,203,0,0,0,0,0
5805:392:4,0,0,0,,,,,,,,,,,,,0,,,,,
7200:226:3,0,0,0,,,,,,,,,,,,,0,,,,,
3201:111:2,1142,2372,1695,307.26,18.2,0.34,22.52,15.27,7.25,3.33,35.29,,35.41,35.18,34.8833,180,0,0,0,0,0
7003:372:4,2569,5496,4368,560.13,27.31,0.27,28.93,24.91,4.02,2.39,35.85,,36.12,35.49,34.9086,374,0,0,0,0,0
3317:111:3,2672,4221,3383,339.74,19.89,0.42,23.91,17.04,6.87,1.86,35.79,,35.98,35.71,34.6866,321,0,0,0,0,0
1313:373:2,300,1902,1376,307.88,17.07,0.58,27.99,9.06,18.93,0.16,33.88,,34.34,33,34.0637,525,0,0,0,0,0
5015:496:4,1828,5706,5026,962.02,28.95,0.37,30.13,27.51,2.62,1.29,35.56,,35.79,35.19,34.7062,238,0,0,0,0,0
5012:468:3,4236,4770,4565,101.81,26.93,0.53,29.99,24.99,5,1.46,35.52,,35.76,35.27,34.694,311,0,0,0,0,0
5408:478:1,3831,4264,4081,90.62,8.82,0.35,11.9,6.3,5.6,0.89,33.96,,34.08,33.7,34.7117,226,0,0,0,0,0
3206:456:2,3674,4807,4145,218.76,23.36,0.29,27.46,20.13,7.33,1.56,35.43,,35.56,35.26,34.7224,184,0,0,0,0,0
1807:239:1,2630,3163,2925,147.72,-1.79,0,-1.78,-1.79,0.01,-0.78,31.19,,32.81,27.81,34.9295,0,0.93,0.98,0.89,0.87,0.96
5608:130:2,4406,4617,4522,59.01,1.2,0.46,5.31,-1.39,6.7,0.46,33.89,,33.98,33.71,34.6962,170,0.00688,0,0.01,0.00666,0
7209:458:2,0,0,0,,,,,,,,,,,,,0,,,,,
7515:235:1,3936,4506,4302,105.49,7.16,0.4,13.88,3.18,10.7,1.51,32.55,,32.8,31.49,34.6837,491,6.7E-4,0,0,0,0
3406:475:3,1256,2363,1969,270.64,4.79,0.36,8.43,2.49,5.94,1.7,33.86,,34.03,33.72,34.722,297,0,0,0,0,0
1411:237:4,0,0,0,,,,,,,,,,,,,0,,,,,
1303:381:1,0,0,0,,,,,,,,,,,,,0,,,,,
3316:350:1,2366,4360,3305,506.59,19.16,0.38,24.43,15.73,8.7,1.28,35.7,,35.86,35.59,34.7234,374,0,0,0,0,0
3417:132:1,0,0,0,,,,,,,,,,,,,0,,,,,
7205:363:4,4699,6127,5466,334.74,25.31,0.2,28.84,22.24,6.6,2.11,36.98,,37.16,36.85,34.854,197,0,0,0,0,0
5313:384:3,4921,5181,5027,52.25,15.12,0.35,19.63,11.63,8,1.26,34.41,,34.55,34.28,34.7122,262,0,0,0,0,0
5417:248:1,411,1060,665,207.1,12.63,0.49,17.62,9.14,8.48,5.83,34.59,,34.74,34.26,34.3562,797,0,0,0,0,0
5804:207:3,0,1,1,0,-1.79,0,-1.78,-1.79,0.01,,34.5,,34.77,34.06,,106,1.5,1.5,1.5,1.5,1.5
7401:111:4,2738,4691,3679,499,16.44,0.34,20.57,13.05,7.52,2.63,35.81,,35.89,35.7,34.9243,541,0,0,0,0,0
3312:100:2,0,0,0,,,,,,,,,,,,,0,,,,,
1704:134:1,308,363,333,11.13,0.78,0.54,7.11,-1.79,8.9,-0.88,34.68,,34.84,34.47,34.9043,421,0.04,0.12,0.01,0,0.02
7306:102:1,4584,5254,5003,128.8,23.88,0.22,28.88,19.53,9.35,2.24,36.62,,36.72,36.47,34.8884,252,0,0,0,0,0
1315:465:3,5619,5801,5714,46.45,18.71,0.6,27.24,12.16,15.08,1.55,34.46,,34.64,34.26,34.693,424,0,0,0,0,0
5417:394:3,5248,5536,5351,53.39,10.28,0.4,14.15,7.32,6.83,1.21,34.45,,34.71,34.34,34.7159,383,0,0,0,0,0
5617:468:2,2942,3608,3293,209.01,-1.13,0.15,2.22,-1.79,4.01,0.09,34.02,,34.2,33.76,34.6875,261,0.34,0.04,0.6,0.66,0.05
1012:362:4,326,4077,2526,1093.78,28.86,0.12,30.1,27.25,2.85,3.58,33.88,,34.29,33.36,34.5877,616,0,0,0,0,0
1014:238:4,3404,5093,4312,372.23,29.41,0.22,30.24,28.21,2.03,1.53,34.38,,34.77,34.09,34.6879,247,0,0,0,0,0
3708:373:4,0,0,0,,,,,,,,,,,,,0,,,,,
1407:486:4,0,0,0,,,,,,,,,,,,,0,,,,,
7109:374:4,0,0,0,,,,,,,,,,,,,0,,,,,
5109:468:3,3645,4184,3924,121.58,22.85,0.34,25.17,20.54,4.63,1.83,35.89,,36.2,35.58,34.6884,256,0,0,0,0,0
3408:216:4,2439,2964,2707,95.29,12.37,0.33,15.67,10,5.67,2,34.78,,34.99,34.57,34.7453,389,0,0,0,0,0
7113:374:4,4989,5295,5141,64.43,24.61,0.42,27.21,21.73,5.48,1.45,34.46,,34.72,34.18,34.6938,247,0,0,0,0,0
7510:495:1,0,0,0,,,,,,,,,,,,,0,,,,,
3510:392:2,4090,4586,4384,64.91,0.02,0.29,2.8,-1.79,4.59,-0.15,33.95,,34.08,33.81,34.6813,219,0.02,0,0.01,0.06,0
1817:488:3,1387,3509,2297,642.94,-1.79,0,-1.78,-1.79,0.01,-0.52,31.15,,31.74,30.65,34.951,0,1,1,1,1,1
1207:353:3,0,0,0,,,,,,,,,,,,,0,,,,,
5512:206:4,3797,4078,3933,51.68,7.98,0.42,11.7,6.23,5.47,1.4,34.33,,34.41,34.2,34.7207,319,0,0,0,0,0
1804:476:1,2846,3866,3433,308.99,-1.79,0,-1.78,-1.79,0.01,-0.6,31.95,,32.67,31.28,34.9552,0,0.94,0.98,0.93,0.9,0.97
